gRNA Sequence,Total Hits,On Target,Off Target
AAGGAAGGGCTTTATTCAGC,438,94,344
AGGAAGGGCTTTATTCAGCT,349,94,255
GACACCGAGTTGTAGAAGGA,251,56,195
ACACCGAGTTGTAGAAGGAA,247,54,193
GCAAGCAGGCGGTACGTGAC,235,6,229
GGCAGGCGCAGGCCTGGTTT,189,2,187
CGTGATTGATTTGAGCAAGC,147,43,104
GATTGATTTGAGCAAGCAGG,137,35,102
ATGTTCTTCTATACAATGTC,133,48,85
ACGATTTCTGTCCCTTTTAA,129,2,127
GCAGGCGCAGGCCTGGTTTC,129,2,127
CACGATTTCTGTCCCTTTTA,124,2,122
ACTAAACATTTCACATGAAA,119,2,117
CACTAAACATTTCACATGAA,115,2,113
AGGCCAGGCAGGCGCAGGCC,108,2,106
CTACTGAGTTTAGGCCAGGC,96,1,95
GAGTATAAAACAATATGAGA,75,10,65
TTGTTGTTTTTTCTTAAAAT,73,3,70
CCTGGTTTCGGGCCTAGCGC,41,2,39
CTGGTTTCGGGCCTAGCGCC,34,2,32
GCAGTCAGAGAGAAACAACA,9,1,8
GATTTTTCACTACTGAGTTT,5,1,4
AGTTTAGGCCAGGCAGGCGC,4,1,3
ACGTGACAGGCTGCATGCAC,4,1,3
CAGAGAGAAACAACACGGCA,3,1,2
TTCACTACTGAGTTTAGGCC,3,1,2
TCAAGACACCGAGTTGTAGA,2,1,1
AGCGCCGGGCTGCCTGTCCT,2,1,1
TCAGAGAGAAACAACACGGC,1,1,0
